[
    0.89220,
    0.88920,
    0.89340,
    0.89400,
    0.88980,
    0.89260,
    0.89050,
    0.88520,
    0.88640,
    0.88160,
    0.87520,
    0.87400,
    0.87850,
    0.88320,
    0.88260,
    0.88170,
    0.87660,
    0.86540,
    0.85510,
    0.85730,
    0.86140,
    0.86020,
    0.85610,
    0.85510,
    0.84460,
    0.84810,
    0.84610,
    0.85440,
    0.84680,
    0.85140,
    0.85080,
    0.84460,
    0.85330,
    0.85520,
    0.86240,
    0.86150,
    0.86050,
    0.85390,
    0.85540,
    0.85470,
    0.85760,
    0.85890,
    0.86370,
    0.85950,
    0.84400,
    0.84970,
    0.84730,
    0.84770,
    0.84640,
    0.83870,
    0.84800,
    0.84960,
    0.85550,
    0.85820,
    0.85380,
    0.85450,
    0.85230,
    0.85940,
    0.87370,
    0.87210,
    0.87140,
    0.86900,
    0.87330,
    0.88020,
    0.87790,
    0.87760,
    0.87410,
    0.87630,
    0.88080,
    0.88330,
    0.88430,
    0.88120,
    0.87820,
    0.88040,
    0.89210,
    0.89300,
    0.89710,
    0.90270,
    0.91380,
    0.91150,
    0.91810,
    0.91370,
    0.91780,
    0.91310,
    0.91470,
    0.91480,
    0.91180,
    0.91340,
    0.90820,
    0.91630,
    0.91250,
    0.90780,
    0.88830,
    0.88680,
    0.89520,
    0.90760,
    0.89840,
    0.91090,
    0.90700,
    0.91090,
    0.92050,
    0.92440,
    0.92680,
    0.92630,
    0.92730,
    0.91440,
    0.91650,
    0.92320,
    0.92300,
    0.91780,
    0.91140,
    0.91690,
    0.91820,
    0.91420,
    0.91810,
    0.91870,
    0.92040,
    0.91320,
    0.91020,
    0.90250,
    0.91130,
    0.90780,
    0.90790,
    0.90290,
    0.90350,
    0.89900,
    0.89110,
    0.89070,
    0.89370,
    0.89230,
    0.89230,
    0.90510,
    0.90450,
    0.90020,
    0.90220,
    0.90400,
    0.89720,
    0.89440,
    0.89790,
    0.89260,
    0.89340,
    0.89380,
    0.88120,
    0.88270,
    0.88170,
    0.88430,
    0.87810,
    0.88310,
    0.87800,
    0.87790,
    0.87820,
    0.88050,
    0.88320,
    0.88770,
    0.88770,
    0.89560,
    0.89130,
    0.89070,
    0.88800,
    0.89450,
    0.89180,
    0.89080,
    0.89260,
    0.89780,
    0.89250,
    0.90260,
    0.90190,
    0.90330,
    0.90080,
    0.89910,
    0.88890,
    0.87900,
    0.87910,
    0.88040,
    0.88360,
    0.88530,
    0.88960,
    0.88950,
    0.90330,
    0.89930,
    0.89480,
    0.89340,
    0.89330,
    0.89120,
    0.89140,
    0.89220,
    0.89420,
    0.88360,
    0.88360,
    0.88120,
    0.88450,
    0.88330,
    0.88670,
    0.87740,
    0.87770,
    0.86440,
    0.86190,
    0.86520,
    0.86230,
    0.85920,
    0.86220,
    0.86980,
    0.86730,
    0.86730,
    0.87040,
    0.87220,
    0.87640,
    0.87650,
    0.87160,
    0.87370,
    0.87300,
    0.87080,
    0.87630,
    0.86980,
    0.87040,
    0.87520,
    0.86900,
    0.86370,
    0.86600,
    0.86950,
    0.86580,
    0.86980,
    0.87190,
    0.87650,
    0.88150,
    0.87340,
    0.87520,
    0.87570,
    0.87560,
    0.88260,
    0.88300,
    0.88240,
    0.88190,
    0.88570,
    0.88250,
    0.87800,
    0.87660,
    0.87660,
    0.87250,
    0.87120,
    0.87190,
    0.88040,
    0.87950,
    0.88120,
    0.87760,
    0.87850,
    0.87480,
    0.88080,
    0.88050,
    0.88200,
    0.88090,
    0.87950,
    0.88240,
    0.89040,
    0.89080,
    0.89220,
    0.88960,
    0.88870,
    0.89270,
    0.89770,
    0.90150,
    0.90320,
    0.90050,
    0.90630,
    0.90300,
    0.91730,
    0.91790,
    0.91430,
    0.90490,
    0.90970,
    0.91400,
    0.91210,
    0.90300,
    0.91220,
    0.91180,
    0.92110,
    0.92080,
    0.91940,
    0.92590,
    0.92140,
    0.92030,
    0.92090,
    0.92860,
    0.93540,
    0.93660,
    0.93370,
    0.94050,
    0.93920,
    0.93930,
    0.94720,
    0.94260,
    0.94410,
    0.94810,
    0.94330,
    0.94300,
    0.94540,
    0.94460,
    0.95260,
    0.95730,
    0.96440,
    0.97050,
    0.97050,
    0.97930,
    0.98240,
    0.98820,
    0.99110,
    0.99130,
    0.98640,
    0.98050,
    0.97880,
    0.97300,
    0.99110,
    0.99300,
    0.98900,
    0.98790,
    0.99060,
    1.00330,
    1.01240,
    1.00680,
    1.01210,
    1.01170,
    1.00790,
    0.98910,
    0.99520,
    1.00370,
    0.98590,
    0.98110,
    0.98320,
    0.97740,
    0.98440,
    0.98590,
    0.98010,
    0.96610,
    0.97460,
    0.96700,
    0.96980,
    0.97860,
    0.98460,
    0.97730,
    0.98250,
    0.98700,
    0.97730,
    0.97770,
    0.97990,
    0.96920,
    0.97240,
    0.97170,
    0.98290,
    0.97870,
    0.98370,
    0.98150,
    0.98470,
    0.99670,
    0.99230,
    0.99160,
    0.98080,
    0.97970,
    0.97510,
    0.97590,
    0.98140,
    0.97130,
    0.96870,
    0.97360,
    0.97720,
    0.98740,
    0.98260,
    0.97800,
    0.98240,
    0.97670,
    0.97690,
    0.97920,
    0.98650,
    0.98260,
    0.98620,
    0.98740,
    0.97940,
    0.98250,
    0.97950,
    0.99010,
    0.98630,
    0.98750,
    0.98750,
    0.98160,
    0.98110,
    0.97090,
    0.97250,
    0.97330,
    0.97740,
    0.97540,
    0.97730,
    0.97630,
    0.98440,
    0.98280,
    0.98470,
    0.99060,
    0.99660,
    0.99860,
    0.99910,
    1.00470,
    1.00880,
    1.01340,
    1.01010,
    1.01220,
    1.00860,
    1.00410,
    1.00980,
    1.00930,
    1.00320,
    1.00110,
    1.00250,
    0.99690,
    0.99170,
    0.99370,
    0.99070,
    0.99370,
    0.99380,
    0.99690,
    0.99650,
    1.00140,
    1.00030,
    1.00910,
    1.01090,
    1.00760,
    1.00860,
    1.01830,
    1.02420,
    1.02230,
    1.02720,
    1.02840,
    1.02710,
    1.02740,
    1.02660,
    1.03030,
    1.03210,
    1.03680,
    1.04430,
    1.04760,
    1.04890,
    1.04800,
    1.03660,
    1.04280,
    1.04470,
    1.04050,
    1.05010,
    1.04880,
    1.05730,
    1.05400,
    1.05560,
    1.05530,
    1.06130,
    1.06730,
    1.06910,
    1.07250,
    1.07280,
    1.07460,
    1.08310,
    1.08470,
    1.08210,
    1.08260,
    1.08220,
    1.07710,
    1.07880,
    1.08900,
    1.07880,
    1.08340,
    1.08210,
    1.07180,
    1.07370,
    1.07090,
    1.08410,
    1.07930,
    1.07220,
    1.06880,
    1.07490,
    1.08200,
    1.07670,
    1.07900,
    1.07570,
    1.07890,
    1.07480,
    1.08060,
    1.08940,
    1.09550,
    1.09670,
    1.09690,
    1.10070,
    1.10520,
    1.10430,
    1.09910,
    1.07950,
    1.07480,
    1.06180,
    1.06470,
    1.05730,
    1.06180,
    1.05290,
    1.06520,
    1.06580,
    1.06980,
    1.06900,
    1.07810,
    1.09220,
    1.09180,
    1.07690,
    1.07590,
    1.07340,
    1.06880,
    1.07240,
    1.07730,
    1.07870,
    1.07560,
    1.07720,
    1.08040,
    1.09100,
    1.08820,
    1.08790,
    1.08600,
    1.09750,
    1.09540,
    1.10340,
    1.10370,
    1.09870,
    1.10760,
    1.11830,
    1.12380,
    1.12300,
    1.12890,
    1.14430,
    1.13520,
    1.14860,
    1.14890,
    1.15660,
    1.15370,
    1.14730,
    1.13800,
    1.15970,
    1.16480,
    1.17140,
    1.16410,
    1.16930,
    1.18420,
    1.18620,
    1.18150,
    1.17550,
    1.19090,
    1.17850,
    1.17710,
    1.17400,
    1.16400,
    1.18430,
    1.17010,
    1.17160,
    1.16710,
    1.17560,
    1.17650,
    1.18740,
    1.18220,
    1.17810,
    1.16820,
    1.17230,
    1.16050,
    1.15510,
    1.15160,
    1.15330,
    1.14180,
    1.14250,
    1.15240,
    1.15670,
    1.15320,
    1.14980,
    1.14940,
    1.13160,
    1.13170,
    1.13510,
    1.13830,
    1.12810,
    1.12840,
    1.11790,
    1.12230,
    1.12160,
    1.12720,
    1.13480,
    1.13300,
    1.14850,
    1.14730,
    1.15130,
    1.14890,
    1.14400,
    1.13580,
    1.12330,
    1.12760,
    1.13550,
    1.13890,
    1.13360,
    1.13760,
    1.13070,
    1.13620,
    1.12780,
    1.13170,
    1.12760,
    1.12640,
    1.11490,
    1.11450,
    1.11220,
    1.09280,
    1.08870,
    1.08480,
    1.08620,
    1.08730,
    1.08830,
    1.09850,
    1.09630,
    1.08080,
    1.08420,
    1.09400,
    1.11120,
    1.10710,
    1.12280,
    1.12050,
    1.12030,
    1.12920,
    1.12850,
    1.11720,
    1.12840,
    1.12490,
    1.13840,
    1.14620,
    1.14350,
    1.14880,
    1.14730,
    1.14780,
    1.16200,
    1.16580,
    1.17310,
    1.16850,
    1.15820,
    1.17140,
    1.17730,
    1.18210,
    1.17450,
    1.17990,
    1.17140,
    1.17330,
    1.16160,
    1.15990,
    1.16790,
    1.16270,
    1.16710,
    1.18070,
    1.17980,
    1.17860,
    1.17390,
    1.16760,
    1.16670,
    1.16270,
    1.15860,
    1.14660,
    1.14940,
    1.14380,
    1.14140,
    1.15200,
    1.14700,
    1.15190,
    1.16300,
    1.17350,
    1.17840,
    1.17480,
    1.19650,
    1.18920,
    1.19110,
    1.19250,
    1.17730,
    1.18000,
    1.19320,
    1.19160,
    1.19980,
    1.19710,
    1.21060,
    1.21180,
    1.20830,
    1.21880,
    1.22300,
    1.22490,
    1.22130,
    1.22260,
    1.22760,
    1.23150,
    1.23330,
    1.24040,
    1.24230,
    1.23820,
    1.24080,
    1.24050,
    1.24480,
    1.24490,
    1.24220,
    1.24920,
    1.25490,
    1.25880,
    1.25650,
    1.25960,
    1.26770,
    1.27280,
    1.26280,
    1.27760,
    1.28200,
    1.27380,
    1.27710,
    1.26470,
    1.25910,
    1.23950,
    1.23600,
    1.25990,
    1.26390,
    1.27300,
    1.25860,
    1.24700,
    1.26430,
    1.24300,
    1.24070,
    1.24670,
    1.24410,
    1.25460,
    1.25380,
    1.25570,
    1.27050,
    1.26950,
    1.26840,
    1.28440,
    1.28170,
    1.27330,
    1.27650,
    1.28540,
    1.27080,
    1.27360,
    1.25410,
    1.25770,
    1.26860,
    1.24930,
    1.24390,
    1.24950,
    1.24610,
    1.22130,
    1.21930,
    1.21910,
    1.23610,
    1.23980,
    1.23110,
    1.22230,
    1.23450,
    1.22210,
    1.22640,
    1.22720,
    1.22320,
    1.23880,
    1.22830,
    1.23460,
    1.23510,
    1.21220,
    1.21190,
    1.21230,
    1.21600,
    1.21700,
    1.23160,
    1.23650,
    1.21330,
    1.20030,
    1.21410,
    1.21720,
    1.20830,
    1.20910,
    1.20790,
    1.19360,
    1.19550,
    1.19770,
    1.19990,
    1.20060,
    1.18500,
    1.18350,
    1.19090,
    1.18430,
    1.18620,
    1.19260,
    1.18480,
    1.19630,
    1.19860,
    1.19410,
    1.21050,
    1.21590,
    1.20710,
    1.18930,
    1.18270,
    1.18650,
    1.19070,
    1.18090,
    1.18900,
    1.20220,
    1.19520,
    1.20210,
    1.19650,
    1.19960,
    1.20100,
    1.21020,
    1.21160,
    1.22680,
    1.22150,
    1.21920,
    1.22440,
    1.22090,
    1.22180,
    1.22860,
    1.23210,
    1.22590,
    1.20280,
    1.21140,
    1.20090,
    1.20560,
    1.21620,
    1.20070,
    1.20460,
    1.21420,
    1.21120,
    1.21200,
    1.20900,
    1.21850,
    1.21810,
    1.21840,
    1.20810,
    1.21860,
    1.21590,
    1.23210,
    1.22850,
    1.22920,
    1.23690,
    1.23950,
    1.24180,
    1.24100,
    1.23360,
    1.23870,
    1.23560,
    1.24540,
    1.24460,
    1.23310,
    1.22790,
    1.22560,
    1.20950,
    1.21490,
    1.20580,
    1.20580,
    1.20430,
    1.20190,
    1.20250,
    1.20510,
    1.20500,
    1.20590,
    1.22830,
    1.22660,
    1.22280,
    1.22250,
    1.22490,
    1.23770,
    1.23590,
    1.23480,
    1.23380,
    1.23680,
    1.23190,
    1.21390,
    1.20820,
    1.20850,
    1.21050,
    1.20150,
    1.20530,
    1.21820,
    1.21910,
    1.21690,
    1.20610,
    1.20650,
    1.21040,
    1.21840,
    1.22330,
    1.22690,
    1.22600,
    1.22470,
    1.21520,
    1.21850,
    1.21700,
    1.21720,
    1.23300,
    1.22630,
    1.22670,
    1.22760,
    1.22990,
    1.23250,
    1.23320,
    1.24280,
    1.24020,
    1.22850,
    1.23090,
    1.22820,
    1.22860,
    1.24080,
    1.23850,
    1.23280,
    1.23400,
    1.23830,
    1.24770,
    1.24910,
    1.25170,
    1.25830,
    1.26130,
    1.26860,
    1.28030,
    1.27470,
    1.27020,
    1.27420,
    1.27870,
    1.27530,
    1.27440,
    1.28260,
    1.28710,
    1.29740,
    1.29120,
    1.28970,
    1.28900,
    1.29080,
    1.29700,
    1.29480,
    1.29590,
    1.30370,
    1.29440,
    1.30540,
    1.30410,
    1.30850,
    1.31870,
    1.32750,
    1.32970,
    1.32700,
    1.32890,
    1.33400,
    1.32670,
    1.34550,
    1.34030,
    1.34250,
    1.33550,
    1.33090,
    1.32120,
    1.33150,
    1.32900,
    1.33990,
    1.32530,
    1.33160,
    1.33970,
    1.33640,
    1.33900,
    1.35040,
    1.35280,
    1.36200,
    1.36150,
    1.36110,
    1.36320,
    1.35620,
    1.34680,
    1.32700,
    1.32720,
    1.31810,
    1.30720,
    1.31000,
    1.31180,
    1.32500,
    1.32130,
    1.30950,
    1.30460,
    1.30170,
    1.30080,
    1.29570,
    1.30080,
    1.30450,
    1.29740,
    1.30740,
    1.30410,
    1.30560,
    1.30450,
    1.30440,
    1.30330,
    1.29760,
    1.28640,
    1.27520,
    1.27630,
    1.28110,
    1.28760,
    1.28650,
    1.29720,
    1.30180,
    1.30250,
    1.30740,
    1.30640,
    1.30600,
    1.32550,
    1.32070,
    1.31940,
    1.32430,
    1.32150,
    1.31850,
    1.31360,
    1.31080,
    1.32410,
    1.32160,
    1.33540,
    1.33900,
    1.34090,
    1.34580,
    1.33660,
    1.33100,
    1.34170,
    1.33790,
    1.33210,
    1.31670,
    1.30850,
    1.29890,
    1.29430,
    1.29560,
    1.28950,
    1.29250,
    1.29160,
    1.29650,
    1.29080,
    1.28530,
    1.28530,
    1.28720,
    1.28510,
    1.29180,
    1.29740,
    1.29180,
    1.29190,
    1.27990,
    1.29000,
    1.30280,
    1.30570,
    1.30870,
    1.30500,
    1.30620,
    1.29890,
    1.29920,
    1.29260,
    1.29020,
    1.28740,
    1.28520,
    1.28740,
    1.29550,
    1.29580,
    1.28380,
    1.28630,
    1.28790,
    1.28060,
    1.26790,
    1.26140,
    1.26340,
    1.26120,
    1.26790,
    1.26410,
    1.25510,
    1.25700,
    1.25820,
    1.26030,
    1.25120,
    1.25800,
    1.24740,
    1.23080,
    1.22070,
    1.22770,
    1.22320,
    1.22600,
    1.22860,
    1.22350,
    1.22290,
    1.21220,
    1.21120,
    1.20330,
    1.21240,
    1.21050,
    1.22830,
    1.21550,
    1.21730,
    1.21330,
    1.20340,
    1.20950,
    1.21710,
    1.20670,
    1.20700,
    1.20940,
    1.19370,
    1.19000,
    1.19180,
    1.19360,
    1.19520,
    1.19750,
    1.20750,
    1.22410,
    1.20830,
    1.20830,
    1.20430,
    1.20510,
    1.20320,
    1.21500,
    1.21630,
    1.20580,
    1.20690,
    1.20240,
    1.20620,
    1.21270,
    1.21230,
    1.21760,
    1.21960,
    1.23320,
    1.23860,
    1.23760,
    1.23470,
    1.23790,
    1.23880,
    1.24680,
    1.24380,
    1.23680,
    1.23590,
    1.22770,
    1.21750,
    1.21530,
    1.22250,
    1.22290,
    1.22710,
    1.23000,
    1.22810,
    1.22240,
    1.22180,
    1.23420,
    1.24930,
    1.25150,
    1.25430,
    1.24660,
    1.24120,
    1.23970,
    1.24180,
    1.22770,
    1.22680,
    1.22840,
    1.22240,
    1.22390,
    1.21360,
    1.21190,
    1.22260,
    1.21480,
    1.20340,
    1.20680,
    1.20170,
    1.20440,
    1.20350,
    1.20640,
    1.19180,
    1.19190,
    1.20100,
    1.21830,
    1.21280,
    1.20680,
    1.19880,
    1.20270,
    1.20270,
    1.20740,
    1.20180,
    1.19650,
    1.19940,
    1.20190,
    1.19560,
    1.19800,
    1.21110,
    1.20590,
    1.21380,
    1.20660,
    1.19840,
    1.20370,
    1.20730,
    1.19420,
    1.18100,
    1.17880,
    1.17790,
    1.17680,
    1.16910,
    1.17380,
    1.16950,
    1.17190,
    1.16720,
    1.17440,
    1.17710,
    1.17280,
    1.18200,
    1.18110,
    1.17790,
    1.17190,
    1.18480,
    1.17650,
    1.17900,
    1.17390,
    1.17100,
    1.17920,
    1.17800,
    1.17130,
    1.18180,
    1.18150,
    1.19540,
    1.19340,
    1.19940,
    1.19700,
    1.20150,
    1.20020,
    1.18620,
    1.18340,
    1.18730,
    1.18620,
    1.18480,
    1.18330,
    1.18380,
    1.18410,
    1.18390,
    1.18210,
    1.20150,
    1.21080,
    1.20970,
    1.21430,
    1.20810,
    1.20610,
    1.21410,
    1.20330,
    1.21150,
    1.21160,
    1.21170,
    1.21190,
    1.20910,
    1.21360,
    1.22970,
    1.22690,
    1.22420,
    1.22020,
    1.20970,
    1.20940,
    1.21480,
    1.20590,
    1.20880,
    1.20250,
    1.19700,
    1.19840,
    1.19580,
    1.19870,
    1.19080,
    1.19020,
    1.19130,
    1.18920,
    1.19020,
    1.19320,
    1.19370,
    1.19090,
    1.19120,
    1.19180,
    1.18720,
    1.18470,
    1.19310,
    1.19240,
    1.20330,
    1.20370,
    1.20090,
    1.18870,
    1.19280,
    1.19070,
    1.19160,
    1.19610,
    1.20160,
    1.20690,
    1.21720,
    1.21900,
    1.21600,
    1.21080,
    1.20800,
    1.19680,
    1.20400,
    1.20140,
    1.20000,
    1.20250,
    1.21620,
    1.21160,
    1.21330,
    1.22610,
    1.22920,
    1.22190,
    1.20930,
    1.21140,
    1.21390,
    1.21050,
    1.21070,
    1.21110,
    1.22560,
    1.23670,
    1.23790,
    1.23140,
    1.23400,
    1.23840,
    1.24280,
    1.24470,
    1.25280,
    1.26350,
    1.25680,
    1.26120,
    1.26290,
    1.26960,
    1.27270,
    1.27010,
    1.27630,
    1.27820,
    1.28360,
    1.29260,
    1.28000,
    1.28600,
    1.27250,
    1.28550,
    1.27710,
    1.28600,
    1.27880,
    1.27580,
    1.28240,
    1.27370,
    1.27490,
    1.28750,
    1.28170,
    1.28160,
    1.29220,
    1.29050,
    1.28240,
    1.28020,
    1.26490,
    1.26420,
    1.25810,
    1.25430,
    1.26070,
    1.26310,
    1.26470,
    1.25750,
    1.25830,
    1.26670,
    1.25700,
    1.25100,
    1.25900,
    1.25760,
    1.25480,
    1.26680,
    1.27900,
    1.27930,
    1.27900,
    1.27240,
    1.27790,
    1.28100,
    1.27400,
    1.27680,
    1.27010,
    1.26940,
    1.26500,
    1.25220,
    1.25080,
    1.25930,
    1.26280,
    1.27000,
    1.26340,
    1.25810,
    1.27130,
    1.26980,
    1.27620,
    1.27670,
    1.28220,
    1.27900,
    1.28030,
    1.28740,
    1.28180,
    1.28220,
    1.28640,
    1.27930,
    1.27210,
    1.27240,
    1.27860,
    1.28440,
    1.28260,
    1.28250,
    1.28860,
    1.28080,
    1.27870,
    1.27650,
    1.27540,
    1.27860,
    1.28300,
    1.28370,
    1.28060,
    1.28360,
    1.28600,
    1.28160,
    1.28050,
    1.27340,
    1.26740,
    1.27020,
    1.26890,
    1.27000,
    1.27230,
    1.26590,
    1.27020,
    1.26710,
    1.26880,
    1.27800,
    1.27830,
    1.27450,
    1.26820,
    1.27010,
    1.26940,
    1.26730,
    1.27360,
    1.27290,
    1.27110,
    1.26920,
    1.25990,
    1.25930,
    1.25330,
    1.25230,
    1.25580,
    1.25120,
    1.25320,
    1.25360,
    1.25330,
    1.26210,
    1.26160,
    1.25490,
    1.25530,
    1.26080,
    1.26870,
    1.27400,
    1.27150,
    1.27650,
    1.27540,
    1.27780,
    1.27160,
    1.27320,
    1.27830,
    1.27570,
    1.28370,
    1.28400,
    1.28060,
    1.28100,
    1.28300,
    1.27970,
    1.28280,
    1.28190,
    1.28470,
    1.29420,
    1.29480,
    1.30930,
    1.31320,
    1.31920,
    1.31520,
    1.32380,
    1.33360,
    1.33400,
    1.33150,
    1.32790,
    1.32830,
    1.32020,
    1.32500,
    1.32820,
    1.32070,
    1.31520,
    1.30790,
    1.30960,
    1.31960,
    1.31750,
    1.31800,
    1.31280,
    1.31010,
    1.31250,
    1.31450,
    1.31980,
    1.31890,
    1.32770,
    1.31630,
    1.30900,
    1.30010,
    1.30290,
    1.29920,
    1.29390,
    1.28930,
    1.29220,
    1.29340,
    1.29160,
    1.29380,
    1.29580,
    1.29600,
    1.29410,
    1.30190,
    1.29620,
    1.29250,
    1.29140,
    1.29570,
    1.29640,
    1.30210,
    1.30210,
    1.29590,
    1.29280,
    1.29830,
    1.30140,
    1.30360,
    1.30060,
    1.29600,
    1.30340,
    1.31310,
    1.31350,
    1.31360,
    1.31490,
    1.31350,
    1.31410,
    1.31250,
    1.31670,
    1.31880,
    1.32380,
    1.32230,
    1.31730,
    1.31900,
    1.30800,
    1.31270,
    1.31790,
    1.31340,
    1.31160,
    1.31890,
    1.31910,
    1.32150,
    1.32390,
    1.33160,
    1.33060,
    1.33170,
    1.33880,
    1.33250,
    1.32820,
    1.33300,
    1.33580,
    1.33130,
    1.33310,
    1.33540,
    1.33660,
    1.33280,
    1.33690,
    1.34290,
    1.33780,
    1.33560,
    1.34320,
    1.34340,
    1.34860,
    1.35270,
    1.35290,
    1.35740,
    1.36110,
    1.36180,
    1.35900,
    1.35770,
    1.36370,
    1.36430,
    1.35910,
    1.36510,
    1.36420,
    1.36050,
    1.35820,
    1.35510,
    1.35910,
    1.35970,
    1.35430,
    1.35260,
    1.34760,
    1.35240,
    1.35410,
    1.35930,
    1.35140,
    1.34980,
    1.35070,
    1.34630,
    1.34510,
    1.34550,
    1.34310,
    1.34420,
    1.34470,
    1.34460,
    1.34290,
    1.34510,
    1.34480,
    1.34930,
    1.35170,
    1.34980,
    1.34260,
    1.33720,
    1.33570,
    1.33020,
    1.33090,
    1.33080,
    1.33880,
    1.34140,
    1.34230,
    1.34000,
    1.33860,
    1.34690,
    1.34620,
    1.34580,
    1.34520,
    1.34460,
    1.35400,
    1.36310,
    1.36080,
    1.36140,
    1.35930,
    1.36250,
    1.36280,
    1.37680,
    1.37440,
    1.37870,
    1.37820,
    1.37720,
    1.37820,
    1.38050,
    1.37970,
    1.38260,
    1.38060,
    1.38270,
    1.37240,
    1.37400,
    1.36350,
    1.36970,
    1.36770,
    1.36760,
    1.37000,
    1.37730,
    1.37940,
    1.37430,
    1.37940,
    1.36770,
    1.36930,
    1.36070,
    1.35350,
    1.34230,
    1.34270,
    1.34740,
    1.34750,
    1.34620,
    1.35490,
    1.35670,
    1.36750,
    1.36390,
    1.36000,
    1.36740,
    1.36310,
    1.36280,
    1.36220,
    1.36080,
    1.36490,
    1.36890,
    1.37670,
    1.38050,
    1.38380,
    1.39050,
    1.38650,
    1.38740,
    1.38580,
    1.39820,
    1.39660,
    1.40680,
    1.40900,
    1.40780,
    1.41470,
    1.41310,
    1.41460,
    1.42660,
    1.42320,
    1.41480,
    1.40900,
    1.41350,
    1.41340,
    1.40540,
    1.41040,
    1.41400,
    1.41990,
    1.41770,
    1.42120,
    1.41720,
    1.42150,
    1.42850,
    1.43000,
    1.41740,
    1.42640,
    1.42610,
    1.43300,
    1.43920,
    1.44190,
    1.44370,
    1.44710,
    1.44250,
    1.45040,
    1.44740,
    1.45640,
    1.46280,
    1.46730,
    1.46790,
    1.45300,
    1.46160,
    1.46490,
    1.46140,
    1.46610,
    1.46670,
    1.48370,
    1.48470,
    1.48460,
    1.48360,
    1.48640,
    1.48280,
    1.48310,
    1.47470,
    1.46380,
    1.46670,
    1.47650,
    1.46160,
    1.46390,
    1.46570,
    1.47210,
    1.46560,
    1.47110,
    1.46170,
    1.44290,
    1.44120,
    1.44080,
    1.43710,
    1.43200,
    1.43810,
    1.44060,
    1.44820,
    1.46090,
    1.47210,
    1.46010,
    1.47210,
    1.47420,
    1.47400,
    1.46850,
    1.47090,
    1.46580,
    1.48060,
    1.47760,
    1.48640,
    1.47760,
    1.46520,
    1.46420,
    1.46200,
    1.44290,
    1.46690,
    1.46310,
    1.47560,
    1.46810,
    1.47880,
    1.47670,
    1.48530,
    1.48470,
    1.48010,
    1.48280,
    1.46470,
    1.46210,
    1.44920,
    1.45040,
    1.45170,
    1.45740,
    1.45710,
    1.46390,
    1.46810,
    1.46520,
    1.47270,
    1.47120,
    1.48200,
    1.48280,
    1.48280,
    1.50100,
    1.51170,
    1.51890,
    1.51780,
    1.51960,
    1.52010,
    1.52740,
    1.53890,
    1.53540,
    1.53660,
    1.53420,
    1.55290,
    1.56130,
    1.56730,
    1.57160,
    1.56380,
    1.56410,
    1.54450,
    1.54320,
    1.54100,
    1.56300,
    1.58320,
    1.58120,
    1.57940,
    1.57610,
    1.56220,
    1.56880,
    1.56820,
    1.57370,
    1.57040,
    1.57030,
    1.58360,
    1.57430,
    1.58070,
    1.58350,
    1.57860,
    1.59420,
    1.58920,
    1.58160,
    1.59070,
    1.59970,
    1.58830,
    1.56800,
    1.56290,
    1.56530,
    1.55650,
    1.56190,
    1.54670,
    1.54230,
    1.54980,
    1.55310,
    1.53960,
    1.54030,
    1.54800,
    1.55390,
    1.54680,
    1.54770,
    1.54420,
    1.55760,
    1.55180,
    1.56530,
    1.57940,
    1.57230,
    1.57610,
    1.57730,
    1.56780,
    1.56460,
    1.55110,
    1.55540,
    1.55390,
    1.54320,
    1.54250,
    1.55810,
    1.57770,
    1.56410,
    1.54550,
    1.55560,
    1.54500,
    1.53790,
    1.54670,
    1.55050,
    1.55270,
    1.55010,
    1.56060,
    1.55150,
    1.55690,
    1.56650,
    1.57490,
    1.57910,
    1.57530,
    1.57940,
    1.58890,
    1.56960,
    1.57060,
    1.57220,
    1.56650,
    1.57380,
    1.57840,
    1.59380,
    1.59030,
    1.59120,
    1.58190,
    1.58580,
    1.58470,
    1.59250,
    1.57870,
    1.56840,
    1.56790,
    1.57090,
    1.57370,
    1.55830,
    1.55770,
    1.55970,
    1.55640,
    1.55710,
    1.54490,
    1.54140,
    1.53230,
    1.50050,
    1.48920,
    1.49120,
    1.49210,
    1.48020,
    1.46890,
    1.46780,
    1.47810,
    1.47430,
    1.48960,
    1.47930,
    1.47530,
    1.46430,
    1.47150,
    1.46930,
    1.46780,
    1.45860,
    1.45130,
    1.44900,
    1.42400,
    1.42670,
    1.41170,
    1.41060,
    1.39640,
    1.40180,
    1.42230,
    1.42740,
    1.40980,
    1.43060,
    1.43230,
    1.44670,
    1.47940,
    1.46710,
    1.46120,
    1.46170,
    1.46130,
    1.44160,
    1.41150,
    1.40080,
    1.38000,
    1.37700,
    1.34830,
    1.36230,
    1.36320,
    1.35970,
    1.34080,
    1.35970,
    1.36180,
    1.34600,
    1.34800,
    1.34080,
    1.33300,
    1.30540,
    1.28240,
    1.29680,
    1.26230,
    1.24610,
    1.28130,
    1.29510,
    1.28750,
    1.27270,
    1.25840,
    1.29940,
    1.29260,
    1.26780,
    1.27170,
    1.27500,
    1.25110,
    1.24550,
    1.27850,
    1.26040,
    1.26330,
    1.26370,
    1.24970,
    1.24540,
    1.25870,
    1.29470,
    1.30560,
    1.28780,
    1.28960,
    1.26900,
    1.26160,
    1.27200,
    1.27130,
    1.27710,
    1.27180,
    1.29370,
    1.29240,
    1.30210,
    1.33460,
    1.33690,
    1.37020,
    1.40480,
    1.44020,
    1.42660,
    1.39070,
    1.39400,
    1.39260,
    1.39930,
    1.40270,
    1.39590,
    1.41100,
    1.39360,
    1.39230,
    1.36290,
    1.34980,
    1.36550,
    1.37030,
    1.34720,
    1.33620,
    1.31800,
    1.31600,
    1.31370,
    1.32660,
    1.30610,
    1.28590,
    1.30660,
    1.30170,
    1.29730,
    1.32060,
    1.31830,
    1.31510,
    1.29360,
    1.28120,
    1.28140,
    1.30150,
    1.28330,
    1.27850,
    1.29390,
    1.29990,
    1.29070,
    1.28850,
    1.28950,
    1.28620,
    1.27960,
    1.25780,
    1.25540,
    1.26880,
    1.28260,
    1.27090,
    1.28690,
    1.27200,
    1.27330,
    1.26660,
    1.25560,
    1.25420,
    1.26480,
    1.25410,
    1.26530,
    1.25910,
    1.27040,
    1.28220,
    1.28870,
    1.29290,
    1.29710,
    1.30360,
    1.34910,
    1.36550,
    1.35811,
    1.36216,
    1.34920,
    1.35792,
    1.35326,
    1.32866,
    1.32016,
    1.32426,
    1.32331,
    1.34644,
    1.34849,
    1.33996,
    1.32671,
    1.32658,
    1.31571,
    1.31866,
    1.33677,
    1.32621,
    1.32123,
    1.31793,
    1.30426,
    1.29241,
    1.29454,
    1.30022,
    1.31336,
    1.32413,
    1.30173,
    1.31351,
    1.32521,
    1.32236,
    1.32636,
    1.34163,
    1.33106,
    1.33116,
    1.33862,
    1.36347,
    1.35767,
    1.36447,
    1.35900,
    1.36342,
    1.34947,
    1.35555,
    1.36273,
    1.37640,
    1.39030,
    1.39974,
    1.40144,
    1.39891,
    1.38352,
    1.39320,
    1.41597,
    1.41512,
    1.43068,
    1.41447,
    1.41755,
    1.39673,
    1.39019,
    1.40749,
    1.39656,
    1.40962,
    1.40153,
    1.37860,
    1.38345,
    1.39424,
    1.39052,
    1.39372,
    1.38562,
    1.40745,
    1.39293,
    1.39952,
    1.40551,
    1.40722,
    1.40352,
    1.41529,
    1.39495,
    1.39797,
    1.39732,
    1.39197,
    1.38741,
    1.40236,
    1.39353,
    1.39871,
    1.39716,
    1.41011,
    1.41392,
    1.41008,
    1.42270,
    1.42133,
    1.42055,
    1.41515,
    1.42016,
    1.42421,
    1.41714,
    1.40334,
    1.40652,
    1.42561,
    1.44192,
    1.43973,
    1.44131,
    1.43539,
    1.41825,
    1.41455,
    1.41482,
    1.42022,
    1.42780,
    1.42022,
    1.40703,
    1.41309,
    1.42343,
    1.42452,
    1.43249,
    1.42975,
    1.42986,
    1.42411,
    1.43478,
    1.43022,
    1.43311,
    1.42180,
    1.42600,
    1.42570,
    1.42950,
    1.43380,
    1.44930,
    1.45640,
    1.45790,
    1.45700,
    1.46276,
    1.46610,
    1.47078,
    1.47437,
    1.47106,
    1.46763,
    1.47893,
    1.46899,
    1.46606,
    1.46881,
    1.46128,
    1.45832,
    1.46368,
    1.45423,
    1.45740,
    1.46474,
    1.47207,
    1.46862,
    1.47905,
    1.47300,
    1.47754,
    1.48510,
    1.49323,
    1.49352,
    1.49035,
    1.49647,
    1.49396,
    1.50072,
    1.50261,
    1.50072,
    1.48652,
    1.48062,
    1.47153,
    1.48396,
    1.47185,
    1.47722,
    1.47156,
    1.48772,
    1.48712,
    1.48462,
    1.49959,
    1.49840,
    1.49845,
    1.48435,
    1.49019,
    1.49701,
    1.48633,
    1.49609,
    1.49171,
    1.48614,
    1.49602,
    1.49632,
    1.51344,
    1.50059,
    1.49869,
    1.50075,
    1.50761,
    1.50470,
    1.50517,
    1.48560,
    1.48266,
    1.47033,
    1.47393,
    1.47321,
    1.46138,
    1.46508,
    1.45367,
    1.45300,
    1.43497,
    1.43352,
    1.42740,
    1.42531,
    1.43282,
    1.43538,
    1.43716,
    1.43486,
    1.43360,
    1.43306,
    1.44111,
    1.43624,
    1.43998,
    1.43041,
    1.44085,
    1.45120,
    1.44920,
    1.45052,
    1.44978,
    1.43857,
    1.43872,
    1.42869,
    1.41062,
    1.40837,
    1.41363,
    1.41481,
    1.40770,
    1.40327,
    1.39609,
    1.38611,
    1.39325,
    1.39671,
    1.38912,
    1.37273,
    1.36776,
    1.36552,
    1.37938,
    1.37337,
    1.36885,
    1.36309,
    1.35973,
    1.37587,
    1.35993,
    1.34923,
    1.36116,
    1.35996,
    1.35136,
    1.35372,
    1.35383,
    1.36310,
    1.35677,
    1.36087,
    1.36940,
    1.35793,
    1.36198,
    1.36267,
    1.36013,
    1.36548,
    1.36765,
    1.37678,
    1.36724,
    1.37627,
    1.37353,
    1.36072,
    1.35301,
    1.35578,
    1.34920,
    1.33281,
    1.32735,
    1.34075,
    1.34755,
    1.34194,
    1.35062,
    1.35837,
    1.35030,
    1.34818,
    1.33932,
    1.33388,
    1.33572,
    1.34984,
    1.35858,
    1.36147,
    1.36508,
    1.35790,
    1.35017,
    1.34888,
    1.34403,
    1.33882,
    1.32866,
    1.33811,
    1.33919,
    1.31619,
    1.32052,
    1.32428,
    1.32936,
    1.31888,
    1.29718,
    1.28182,
    1.26296,
    1.27518,
    1.27864,
    1.26328,
    1.26334,
    1.25223,
    1.23566,
    1.23968,
    1.21710,
    1.24220,
    1.24683,
    1.25712,
    1.23440,
    1.23704,
    1.21609,
    1.23563,
    1.22720,
    1.23080,
    1.22115,
    1.22492,
    1.21614,
    1.19671,
    1.19166,
    1.19640,
    1.19840,
    1.21081,
    1.21112,
    1.22130,
    1.23228,
    1.22989,
    1.23794,
    1.23875,
    1.23232,
    1.22674,
    1.23102,
    1.23276,
    1.23681,
    1.22803,
    1.21886,
    1.22302,
    1.25163,
    1.25655,
    1.25380,
    1.26261,
    1.26316,
    1.26931,
    1.26404,
    1.25887,
    1.27265,
    1.27414,
    1.29310,
    1.29296,
    1.29472,
    1.28911,
    1.27528,
    1.28865,
    1.29086,
    1.29865,
    1.30001,
    1.29868,
    1.30795,
    1.30504,
    1.31753,
    1.32260,
    1.31538,
    1.31841,
    1.32781,
    1.32242,
    1.31745,
    1.28447,
    1.28269,
    1.27531,
    1.28219,
    1.28787,
    1.28518,
    1.28152,
    1.27105,
    1.26461,
    1.26307,
    1.26630,
    1.27161,
    1.27617,
    1.26631,
    1.26889,
    1.28026,
    1.28251,
    1.28951,
    1.28750,
    1.26821,
    1.27234,
    1.26970,
    1.26784,
    1.28771,
    1.29866,
    1.30118,
    1.30731,
    1.30487,
    1.30621,
    1.32498,
    1.33991,
    1.33133,
    1.34919,
    1.34408,
    1.35843,
    1.36212,
    1.36283,
    1.37900,
    1.36741,
    1.38338,
    1.39251,
    1.39136,
    1.39280,
    1.38812,
    1.39150,
    1.39593,
    1.40799,
    1.39762,
    1.39483,
    1.37411,
    1.39579,
    1.39248,
    1.39528,
    1.39535,
    1.38621,
    1.37739,
    1.39282,
    1.39459,
    1.38977,
    1.40312,
    1.41248,
    1.42125,
    1.40314,
    1.39123,
    1.37633,
    1.37791,
    1.36611,
    1.36900,
    1.35789,
    1.34821,
    1.35294,
    1.36427,
    1.36718,
    1.36236,
    1.33802,
    1.33364,
    1.33443,
    1.32402,
    1.31061,
    1.29811,
    1.31254,
    1.32149,
    1.34136,
    1.33088,
    1.32652,
    1.32627,
    1.32365,
    1.32262,
    1.33864,
    1.33789,
    1.32203,
    1.32396,
    1.31873,
    1.31197,
    1.30993,
    1.31031,
    1.31099,
    1.31209,
    1.31621,
    1.31091,
    1.32173,
    1.32901,
    1.33827,
    1.33499,
    1.33104,
    1.31485,
    1.30022,
    1.29055,
    1.29451,
    1.29731,
    1.31280,
    1.33477,
    1.33875,
    1.32758,
    1.33851,
    1.34557,
    1.34638,
    1.36196,
    1.36401,
    1.36801,
    1.36976,
    1.37278,
    1.36102,
    1.36908,
    1.38238,
    1.38045,
    1.36251,
    1.35800,
    1.35774,
    1.36277,
    1.37237,
    1.35936,
    1.35513,
    1.34885,
    1.34851,
    1.35601,
    1.36051,
    1.36923,
    1.36746,
    1.36540,
    1.37491,
    1.38017,
    1.37523,
    1.38088,
    1.37750,
    1.38633,
    1.39596,
    1.39863,
    1.39682,
    1.39023,
    1.39045,
    1.37999,
    1.39016,
    1.39935,
    1.39714,
    1.39121,
    1.40152,
    1.41793,
    1.42138,
    1.41884,
    1.40988,
    1.41802,
    1.40868,
    1.40819,
    1.41084,
    1.41253,
    1.41736,
    1.42344,
    1.42177,
    1.42183,
    1.43299,
    1.43037,
    1.44823,
    1.44313,
    1.44774,
    1.44404,
    1.44860,
    1.44285,
    1.42273,
    1.43307,
    1.45211,
    1.45501,
    1.45597,
    1.45784,
    1.46467,
    1.47711,
    1.48232,
    1.48062,
    1.48218,
    1.48205,
    1.48285,
    1.45409,
    1.43149,
    1.43567,
    1.44101,
    1.41997,
    1.42402,
    1.41170,
    1.41604,
    1.42354,
    1.42504,
    1.43080,
    1.41573,
    1.40465,
    1.41022,
    1.40814,
    1.41347,
    1.43173,
    1.42857,
    1.43945,
    1.43294,
    1.44906,
    1.46327,
    1.45777,
    1.46871,
    1.45775,
    1.45118,
    1.43458,
    1.44157,
    1.44425,
    1.41622,
    1.42149,
    1.42858,
    1.43078,
    1.43977,
    1.43350,
    1.42634,
    1.41865,
    1.42872,
    1.43672,
    1.44342,
    1.44906,
    1.45246,
    1.45388,
    1.44231,
    1.43158,
    1.43577,
    1.42632,
    1.40469,
    1.39710,
    1.42380,
    1.41454,
    1.41566,
    1.41035,
    1.41537,
    1.42208,
    1.44193,
    1.43580,
    1.43772,
    1.45137,
    1.43674,
    1.43273,
    1.43945,
    1.42533,
    1.41919,
    1.43630,
    1.40920,
    1.42804,
    1.41628,
    1.43910,
    1.41615,
    1.42353,
    1.42479,
    1.44482,
    1.43988,
    1.44250,
    1.43223,
    1.43950,
    1.43571,
    1.44346,
    1.44081,
    1.43709,
    1.44984,
    1.45228,
    1.44308,
    1.43725,
    1.42615,
    1.42037,
    1.40636,
    1.40010,
    1.40838,
    1.39015,
    1.36532,
    1.36604,
    1.36782,
    1.37406,
    1.38810,
    1.37941,
    1.36742,
    1.37007,
    1.35871,
    1.34549,
    1.34974,
    1.35268,
    1.35849,
    1.35245,
    1.35824,
    1.33846,
    1.31899,
    1.33365,
    1.33472,
    1.34274,
    1.33755,
    1.36349,
    1.36489,
    1.37759,
    1.37716,
    1.38780,
    1.37346,
    1.37331,
    1.37579,
    1.37759,
    1.38917,
    1.39314,
    1.39079,
    1.38941,
    1.41844,
    1.41453,
    1.38594,
    1.36960,
    1.37473,
    1.38128,
    1.37898,
    1.37643,
    1.38287,
    1.35227,
    1.36082,
    1.37672,
    1.36210,
    1.35252,
    1.34547,
    1.34688,
    1.35222,
    1.34855,
    1.35157,
    1.33464,
    1.33400,
    1.32375,
    1.33121,
    1.33321,
    1.34392,
    1.34599,
    1.33898,
    1.33943,
    1.34021,
    1.34158,
    1.33433,
    1.33842,
    1.31665,
    1.30335,
    1.29829,
    1.30197,
    1.30419,
    1.29961,
    1.30805,
    1.30438,
    1.30507,
    1.30451,
    1.30540,
    1.30676,
    1.29362,
    1.29505,
    1.29565,
    1.29338,
    1.30509,
    1.29361,
    1.27904,
    1.27188,
    1.27686,
    1.27708,
    1.27075,
    1.28136,
    1.26754,
    1.26500,
    1.27401,
    1.28530,
    1.29666,
    1.29298,
    1.30130,
    1.30303,
    1.30987,
    1.31045,
    1.32189,
    1.31403,
    1.30879,
    1.31698,
    1.31446,
    1.31561,
    1.31230,
    1.32613,
    1.32508,
    1.32847,
    1.31957,
    1.31731,
    1.31278,
    1.30592,
    1.31303,
    1.31418,
    1.32332,
    1.32320,
    1.32476,
    1.33738,
    1.34478,
    1.33939,
    1.34583,
    1.33232,
    1.33161,
    1.31979,
    1.32158,
    1.31134,
    1.31503,
    1.32760,
    1.31221,
    1.31547,
    1.30816,
    1.30299,
    1.30715,
    1.31735,
    1.32345,
    1.32290,
    1.32121,
    1.31980,
    1.32690,
    1.33561,
    1.33181,
    1.33146,
    1.32987,
    1.33408,
    1.33167,
    1.32347,
    1.31393,
    1.30635,
    1.30911,
    1.31088,
    1.30815,
    1.31096,
    1.31864,
    1.30764,
    1.31313,
    1.31271,
    1.31181,
    1.31343,
    1.32170,
    1.31554,
    1.31944,
    1.32224,
    1.31919,
    1.32514,
    1.32417,
    1.32378,
    1.31538,
    1.31513,
    1.30832,
    1.30573,
    1.29985,
    1.29340,
    1.29314,
    1.29162,
    1.28256,
    1.27337,
    1.27158,
    1.26812,
    1.27783,
    1.28069,
    1.26798,
    1.25863,
    1.25360,
    1.25153,
    1.25394,
    1.24864,
    1.23675,
    1.23597,
    1.24325,
    1.24943,
    1.24507,
    1.25770,
    1.25631,
    1.25160,
    1.24653,
    1.25045,
    1.25659,
    1.26281,
    1.26361,
    1.25767,
    1.26877,
    1.26974,
    1.25474,
    1.25677,
    1.25008,
    1.24910,
    1.24686,
    1.24403,
    1.26655,
    1.25846,
    1.26058,
    1.25261,
    1.23901,
    1.22875,
    1.23135,
    1.22510,
    1.22422,
    1.21989,
    1.22485,
    1.22695,
    1.22887,
    1.22802,
    1.22742,
    1.21551,
    1.21153,
    1.20602,
    1.21479,
    1.22788,
    1.23211,
    1.22548,
    1.22989,
    1.22287,
    1.21822,
    1.23848,
    1.23980,
    1.23972,
    1.23645,
    1.23037,
    1.22884,
    1.23322,
    1.23183,
    1.22861,
    1.23558,
    1.23327,
    1.23459,
    1.24701,
    1.25297,
    1.25640,
    1.25109,
    1.24971,
    1.25635,
    1.25305,
    1.25056,
    1.25783,
    1.25870,
    1.25668,
    1.26021,
    1.26320,
    1.28154,
    1.27579,
    1.28507,
    1.28984,
    1.29862,
    1.31286,
    1.31134,
    1.30434,
    1.30455,
    1.29649,
    1.29788,
    1.29304,
    1.29036,
    1.28734,
    1.29139,
    1.28595,
    1.28860,
    1.29163,
    1.29085,
    1.30164,
    1.30391,
    1.29665,
    1.28837,
    1.28510,
    1.29298,
    1.29503,
    1.29456,
    1.30977,
    1.31149,
    1.30682,
    1.30230,
    1.30649,
    1.29838,
    1.29698,
    1.29416,
    1.29385,
    1.29032,
    1.29662,
    1.29582,
    1.29467,
    1.28333,
    1.27967,
    1.28090,
    1.27705,
    1.27435,
    1.27106,
    1.27069,
    1.27017,
    1.27324,
    1.27801,
    1.27418,
    1.27808,
    1.28134,
    1.28268,
    1.28800,
    1.29729,
    1.29934,
    1.29369,
    1.29496,
    1.29765,
    1.29848,
    1.30587,
    1.30935,
    1.30701,
    1.29571,
    1.29261,
    1.29400,
    1.30078,
    1.30698,
    1.30745,
    1.31622,
    1.31593,
    1.32235,
    1.31986,
    1.32454,
    1.31867,
    1.31870,
    1.32203,
    1.32342,
    1.32146,
    1.31964,
    1.32053,
    1.31888,
    1.30366,
    1.30677,
    1.31252,
    1.30802,
    1.30540,
    1.32668,
    1.33416,
    1.33765,
    1.32972,
    1.32901,
    1.33743,
    1.33195,
    1.33153,
    1.33213,
    1.33094,
    1.33790,
    1.34629,
    1.34447,
    1.34867,
    1.35677,
    1.35869,
    1.36391,
    1.35026,
    1.35816,
    1.35175,
    1.33943,
    1.33614,
    1.34016,
    1.34518,
    1.34484,
    1.33573,
    1.33585,
    1.33515,
    1.33847,
    1.32874,
    1.31916,
    1.31907,
    1.30574,
    1.30645,
    1.31352,
    1.30665,
    1.30180,
    1.30241,
    1.30439,
    1.29765,
    1.31042,
    1.30042,
    1.30344,
    1.30277,
    1.29568,
    1.30124,
    1.30754,
    1.29425,
    1.28578,
    1.29330,
    1.28980,
    1.29867,
    1.28593,
    1.28633,
    1.27785,
    1.28144,
    1.28148,
    1.28435,
    1.28223,
    1.28427,
    1.29330,
    1.29915,
    1.30184,
    1.30812,
    1.30667,
    1.31065,
    1.31082,
    1.30466,
    1.31790,
    1.30355,
    1.30483,
    1.30510,
    1.30615,
    1.30006,
    1.30111,
    1.30088,
    1.30267,
    1.30929,
    1.31664,
    1.31836,
    1.30618,
    1.31131,
    1.30727,
    1.30787,
    1.31600,
    1.30441,
    1.29853,
    1.29820,
    1.29313,
    1.28802,
    1.28829,
    1.28363,
    1.28839,
    1.29061,
    1.28529,
    1.29321,
    1.29278,
    1.29335,
    1.28522,
    1.29401,
    1.30440,
    1.29956,
    1.30700,
    1.30823,
    1.30923,
    1.32453,
    1.32168,
    1.32566,
    1.33137,
    1.33370,
    1.33756,
    1.33445,
    1.33620,
    1.33940,
    1.32959,
    1.32270,
    1.31209,
    1.31232,
    1.30821,
    1.30067,
    1.30377,
    1.30078,
    1.30614,
    1.29816,
    1.30084,
    1.29120,
    1.28291,
    1.28679,
    1.27863,
    1.30235,
    1.30957,
    1.30651,
    1.30660,
    1.31533,
    1.31228,
    1.31113,
    1.31408,
    1.31842,
    1.32232,
    1.31972,
    1.32759,
    1.32765,
    1.32620,
    1.32626,
    1.32963,
    1.32096,
    1.32798,
    1.32611,
    1.33073,
    1.33365,
    1.33814,
    1.33387,
    1.32990,
    1.32601,
    1.32577,
    1.33504,
    1.33279,
    1.33357,
    1.34176,
    1.33579,
    1.33559,
    1.33788,
    1.33702,
    1.33905,
    1.33404,
    1.32374,
    1.32195,
    1.31957,
    1.31661,
    1.32028,
    1.31177,
    1.31766,
    1.32531,
    1.32655,
    1.33108,
    1.32998,
    1.32932,
    1.33349,
    1.33578,
    1.35082,
    1.35291,
    1.35217,
    1.34927,
    1.34702,
    1.35219,
    1.34865,
    1.35216,
    1.35215,
    1.35241,
    1.35811,
    1.36215,
    1.35565,
    1.35766,
    1.35727,
    1.35232,
    1.35253,
    1.35372,
    1.35591,
    1.35256,
    1.35334,
    1.36723,
    1.36853,
    1.36768,
    1.37781,
    1.37750,
    1.37989,
    1.38020,
    1.37829,
    1.37465,
    1.37217,
    1.35880,
    1.34858,
    1.35121,
    1.34717,
    1.35149,
    1.34131,
    1.33644,
    1.34065,
    1.34345,
    1.34816,
    1.34585,
    1.34943,
    1.35037,
    1.35354,
    1.34390,
    1.34753,
    1.35554,
    1.35220,
    1.35666,
    1.35776,
    1.36025,
    1.35901,
    1.35385,
    1.35885,
    1.35898,
    1.36722,
    1.37045,
    1.37351,
    1.37589,
    1.37861,
    1.37501,
    1.37376,
    1.37582,
    1.37711,
    1.36750,
    1.36549,
    1.36700,
    1.36957,
    1.36794,
    1.36889,
    1.37462,
    1.37937,
    1.37876,
    1.37580,
    1.36643,
    1.35874,
    1.36334,
    1.36138,
    1.35749,
    1.36017,
    1.36665,
    1.36680,
    1.36722,
    1.36042,
    1.36162,
    1.35405,
    1.35557,
    1.35591,
    1.35447,
    1.36931,
    1.36752,
    1.36728,
    1.36517,
    1.36608,
    1.35565,
    1.34849,
    1.35258,
    1.35143,
    1.35361,
    1.35898,
    1.36342,
    1.36442,
    1.36372,
    1.35948,
    1.36787,
    1.36918,
    1.37047,
    1.37604,
    1.37321,
    1.37202,
    1.37380,
    1.37336,
    1.37447,
    1.36831,
    1.37080,
    1.38016,
    1.37361,
    1.37395,
    1.37361,
    1.38596,
    1.38746,
    1.38769,
    1.38545,
    1.39018,
    1.38676,
    1.39134,
    1.39252,
    1.39304,
    1.38223,
    1.37782,
    1.37933,
    1.38380,
    1.38250,
    1.37830,
    1.37437,
    1.37513,
    1.37735,
    1.37932,
    1.37651,
    1.37168,
    1.37014,
    1.37412,
    1.37946,
    1.38536,
    1.38868,
    1.38844,
    1.38181,
    1.38133,
    1.38160,
    1.38131,
    1.38068,
    1.37944,
    1.38053,
    1.38160,
    1.38312,
    1.38330,
    1.38497,
    1.38116,
    1.38653,
    1.38670,
    1.38689,
    1.38740,
    1.39247,
    1.39109,
    1.38392,
    1.37577,
    1.37582,
    1.37034,
    1.37142,
    1.37101,
    1.36933,
    1.37085,
    1.36989,
    1.36856,
    1.36561,
    1.36280,
    1.36438,
    1.36334,
    1.35921,
    1.36017,
    1.36339,
    1.35979,
    1.36271,
    1.36001,
    1.36628,
    1.36423,
    1.35923,
    1.35445,
    1.35337,
    1.35489,
    1.35379,
    1.35722,
    1.35462,
    1.35875,
    1.36060,
    1.35995,
    1.36035,
    1.36028,
    1.36306,
    1.36120,
    1.36488,
    1.36927,
    1.36787,
    1.36567,
    1.36088,
    1.35944,
    1.36056,
    1.36117,
    1.36404,
    1.36063,
    1.36032,
    1.36207,
    1.35679,
    1.35251,
    1.35258,
    1.35203,
    1.35221,
    1.34659,
    1.34622,
    1.34622,
    1.34288,
    1.34393,
    1.34087,
    1.33945,
    1.33877,
    1.34264,
    1.34218,
    1.33712,
    1.33838,
    1.33614,
    1.34094,
    1.33843,
    1.33670,
    1.33630,
    1.33637,
    1.33975,
    1.33611,
    1.33174,
    1.32576,
    1.32819,
    1.32381,
    1.31903,
    1.31682,
    1.31935,
    1.31838,
    1.31323,
    1.31273,
    1.31326,
    1.31487,
    1.29357,
    1.29510,
    1.29001,
    1.29404,
    1.29157,
    1.29233,
    1.29643,
    1.29409,
    1.29574,
    1.28449,
    1.29160,
    1.28284,
    1.28464,
    1.28486,
    1.27780,
    1.27515,
    1.26825,
    1.26887,
    1.26307,
    1.26185,
    1.26696,
    1.25145,
    1.26534,
    1.26646,
    1.27304,
    1.26895,
    1.26272,
    1.27412,
    1.26580,
    1.28156,
    1.28040,
    1.27591,
    1.27942,
    1.27112,
    1.26441,
    1.26447,
    1.26681,
    1.26947,
    1.27355,
    1.26377,
    1.26047,
    1.25231,
    1.24903,
    1.25521,
    1.24746,
    1.23786,
    1.24535,
    1.24235,
    1.24728,
    1.24279,
    1.24747,
    1.25215,
    1.24491,
    1.25311,
    1.25446,
    1.25413,
    1.23892,
    1.24410,
    1.24736,
    1.25044,
    1.24664,
    1.24498,
    1.24682,
    1.23818,
    1.23092,
    1.23787,
    1.22844,
    1.23162,
    1.23736,
    1.24467,
    1.24080,
    1.24600,
    1.24345,
    1.25102,
    1.23406,
    1.22856,
    1.22224,
    1.22285,
    1.21721,
    1.21891,
    1.21773,
    1.21500,
    1.21546,
    1.20995,
    1.20014,
    1.19317,
    1.18887,
    1.18386,
    1.17899,
    1.18402,
    1.18325,
    1.17718,
    1.17881,
    1.16298,
    1.15650,
    1.16060,
    1.15479,
    1.16087,
    1.13642,
    1.12032,
    1.12373,
    1.13803,
    1.12865,
    1.13185,
    1.12844,
    1.13413,
    1.14781,
    1.13433,
    1.14763,
    1.13102,
    1.13234,
    1.13197,
    1.13351,
    1.14022,
    1.13919,
    1.13528,
    1.14100,
    1.13962,
    1.13674,
    1.13785,
    1.13340,
    1.13397,
    1.13606,
    1.11975,
    1.11957,
    1.11824,
    1.11752,
    1.10767,
    1.10291,
    1.08433,
    1.08518,
    1.06785,
    1.05444,
    1.06241,
    1.04910,
    1.05669,
    1.05972,
    1.08284,
    1.06561,
    1.08189,
    1.09441,
    1.09176,
    1.09708,
    1.08740,
    1.08841,
    1.08320,
    1.07308,
    1.07624,
    1.08792,
    1.09679,
    1.09213,
    1.08137,
    1.07795,
    1.06584,
    1.06030,
    1.05659,
    1.06539,
    1.06869,
    1.07592,
    1.08089,
    1.07379,
    1.07333,
    1.07253,
    1.08245,
    1.08700,
    1.08869,
    1.09788,
    1.11265,
    1.12222,
    1.11967,
    1.11469,
    1.11849,
    1.13447,
    1.12657,
    1.12085,
    1.11542,
    1.12127,
    1.13542,
    1.14095,
    1.14466,
    1.13140,
    1.11490,
    1.10932,
    1.11113,
    1.10141,
    1.09769,
    1.08723,
    1.09034,
    1.09473,
    1.09895,
    1.09258,
    1.11501,
    1.12737,
    1.12372,
    1.11163,
    1.12908,
    1.12817,
    1.13230,
    1.12566,
    1.12621,
    1.12820,
    1.12467,
    1.13365,
    1.13595,
    1.13483,
    1.13396,
    1.11674,
    1.12033,
    1.12035,
    1.11713,
    1.12350,
    1.11453,
    1.10518,
    1.10826,
    1.11038,
    1.10551,
    1.10103,
    1.10756,
    1.10353,
    1.11541,
    1.10001,
    1.10082,
    1.09477,
    1.08730,
    1.08299,
    1.08245,
    1.09324,
    1.09278,
    1.09826,
    1.09762,
    1.10866,
    1.10592,
    1.09821,
    1.09313,
    1.09831,
    1.09503,
    1.08809,
    1.09052,
    1.09235,
    1.09640,
    1.10154,
    1.10370,
    1.11553,
    1.11476,
    1.11100,
    1.10728,
    1.10228,
    1.11160,
    1.12375,
    1.13865,
    1.16129,
    1.15127,
    1.13115,
    1.12393,
    1.11803,
    1.12090,
    1.13133,
    1.12258,
    1.11222,
    1.11469,
    1.11684,
    1.12012,
    1.12060,
    1.12776,
    1.13395,
    1.13150,
    1.12687,
    1.12890,
    1.14336,
    1.12985,
    1.11888,
    1.11236,
    1.11844,
    1.12321,
    1.11994,
    1.12436,
    1.12478,
    1.11763,
    1.11939,
    1.12095,
    1.11871,
    1.12704,
    1.12368,
    1.12756,
    1.13569,
    1.13578,
    1.13782,
    1.14730,
    1.13803,
    1.13474,
    1.13269,
    1.13453,
    1.13382,
    1.11087,
    1.10169,
    1.10529,
    1.10462,
    1.09267,
    1.09858,
    1.10050,
    1.10150,
    1.09627,
    1.08653,
    1.08828,
    1.07390,
    1.07499,
    1.07227,
    1.07417,
    1.08120,
    1.07668,
    1.06847,
    1.06430,
    1.06583,
    1.07338,
    1.06451,
    1.06354,
    1.06426,
    1.06238,
    1.06102,
    1.05938,
    1.05643,
    1.06324,
    1.06135,
    1.09385,
    1.08779,
    1.08366,
    1.08920,
    1.10244,
    1.09401,
    1.09894,
    1.09922,
    1.09285,
    1.09104,
    1.08245,
    1.08613,
    1.09139,
    1.09568,
    1.09099,
    1.09542,
    1.09681,
    1.09180,
    1.09312,
    1.08609,
    1.08319,
    1.07463,
    1.07796,
    1.09287,
    1.09245,
    1.08581,
    1.08570,
    1.08757,
    1.08634,
    1.09132,
    1.08941,
    1.09065,
    1.08883,
    1.08726,
    1.07965,
    1.08475,
    1.08683,
    1.08920,
    1.09390,
    1.08300,
    1.08873,
    1.09177,
    1.11017,
    1.12067,
    1.11578,
    1.11912,
    1.12940,
    1.12889,
    1.13218,
    1.12503,
    1.11531,
    1.11423,
    1.11267,
    1.11058,
    1.11279,
    1.10281,
    1.10180,
    1.10116,
    1.10168,
    1.09289,
    1.08718,
    1.08656,
    1.08672,
    1.09556,
    1.10064,
    1.10121,
    1.10096,
    1.09981,
    1.11759,
    1.11462,
    1.11012,
    1.11048,
    1.12120,
    1.13151,
    1.12688,
    1.12386,
    1.12150,
    1.11796,
    1.11786,
    1.11613,
    1.11952,
    1.12893,
    1.13387,
    1.13788,
    1.13897,
    1.13888,
    1.13826,
    1.13979,
    1.13767,
    1.13949,
    1.14097,
    1.13835,
    1.12723,
    1.12663,
    1.12827,
    1.13119,
    1.13575,
    1.12952,
    1.12860,
    1.12154,
    1.12660,
    1.12950,
    1.13191,
    1.13509,
    1.14504,
    1.15331,
    1.14949,
    1.14855,
    1.14048,
    1.14009,
    1.13806,
    1.13717,
    1.14251,
    1.13766,
    1.13088,
    1.13193,
    1.13118,
    1.12158,
    1.12019,
    1.12217,
    1.12190,
    1.11393,
    1.11539,
    1.11927,
    1.11130,
    1.11380,
    1.11303,
    1.11869,
    1.11510,
    1.13662,
    1.13528,
    1.13555,
    1.13938,
    1.13129,
    1.12533,
    1.12893,
    1.12056,
    1.12602,
    1.12230,
    1.12752,
    1.13121,
    1.12439,
    1.12947,
    1.13791,
    1.10912,
    1.10237,
    1.10647,
    1.11235,
    1.11048,
    1.11361,
    1.11532,
    1.10750,
    1.10989,
    1.10601,
    1.10497,
    1.10568,
    1.10604,
    1.10883,
    1.11191,
    1.10244,
    1.10748,
    1.10189,
    1.10129,
    1.10237,
    1.09747,
    1.09942,
    1.09855,
    1.10583,
    1.10757,
    1.11743,
    1.11614,
    1.12209,
    1.11474,
    1.11282,
    1.10867,
    1.10878,
    1.11169,
    1.11744,
    1.11354,
    1.11634,
    1.11825,
    1.12772,
    1.12874,
    1.13536,
    1.13237,
    1.13190,
    1.13041,
    1.12628,
    1.12833,
    1.11856,
    1.11889,
    1.11418,
    1.11571,
    1.11957,
    1.11449,
    1.11458,
    1.12555,
    1.12385,
    1.12607,
    1.12235,
    1.12349,
    1.12182,
    1.12495,
    1.12435,
    1.11535,
    1.11731,
    1.11501,
    1.11878,
    1.12068,
    1.12149,
    1.12524,
    1.12137,
    1.12163,
    1.12210,
    1.12399,
    1.12096,
    1.12042,
    1.12031,
    1.11493,
    1.11931,
    1.11390,
    1.10530,
    1.10046,
    1.10547,
    1.09711,
    1.09985,
    1.09794,
    1.09735,
    1.09285,
    1.08736,
    1.08812,
    1.08880,
    1.09069,
    1.08945,
    1.09745,
    1.09762,
    1.10564,
    1.10946,
    1.11050,
    1.11375,
    1.10395,
    1.10257,
    1.09077,
    1.08907,
    1.08503,
    1.07358,
    1.07215,
    1.06898,
    1.06241,
    1.05826,
    1.06264,
    1.06243,
    1.05516,
    1.05517,
    1.05772,
    1.06122,
    1.06487,
    1.05870,
    1.06596,
    1.06538,
    1.07631,
    1.07177,
    1.07513,
    1.06121,
    1.05515,
    1.06336,
    1.06244,
    1.05340,
    1.04126,
    1.04401,
    1.04010,
    1.03867,
    1.04228,
    1.04355,
    1.04700,
    1.04491,
    1.04566,
    1.04102,
    1.04892,
    1.05068,
    1.04519,
    1.04044,
    1.04871,
    1.06055,
    1.05235,
    1.05723,
    1.05534,
    1.05818,
    1.06109,
    1.06420,
    1.05946,
    1.07120,
    1.06286,
    1.06627,
    1.06982,
    1.07631,
    1.07310,
    1.07465,
    1.06810,
    1.06968,
    1.06920,
    1.07968,
    1.07675,
    1.07569,
    1.07789,
    1.07488,
    1.06820,
    1.06969,
    1.06541,
    1.06377,
    1.05972,
    1.05764,
    1.05991,
    1.06727,
    1.06056,
    1.06103,
    1.05349,
    1.05573,
    1.05804,
    1.05513,
    1.05851,
    1.05757,
    1.05459,
    1.05059,
    1.06166,
    1.05803,
    1.05655,
    1.05392,
    1.05756,
    1.06712,
    1.06535,
    1.06077,
    1.07360,
    1.07715,
    1.07362,
    1.07363,
    1.08060,
    1.07919,
    1.07822,
    1.07957,
    1.08638,
    1.08123,
    1.07640,
    1.06740,
    1.06462,
    1.06683,
    1.06720,
    1.06624,
    1.06434,
    1.05884,
    1.05947,
    1.06037,
    1.06633,
    1.06122,
    1.06096,
    1.06411,
    1.07302,
    1.07094,
    1.07161,
    1.07266,
    1.08667,
    1.09245,
    1.09033,
    1.08720,
    1.08921,
    1.08985,
    1.09317,
    1.08839,
    1.09837,
    1.09863,
    1.09236,
    1.08729,
    1.08672,
    1.08611,
    1.09268,
    1.09748,
    1.10825,
    1.11583,
    1.11027,
    1.11740,
    1.12371,
    1.11825,
    1.12184,
    1.12101,
    1.11733,
    1.11627,
    1.11855,
    1.12430,
    1.12121,
    1.12784,
    1.12536,
    1.12764,
    1.12563,
    1.12122,
    1.11935,
    1.12039,
    1.12100,
    1.12173,
    1.11449,
    1.11961,
    1.11476,
    1.11337,
    1.11682,
    1.11509,
    1.11928,
    1.11810,
    1.13379,
    1.13762,
    1.14396,
    1.14254,
    1.13641,
    1.13438,
    1.13495,
    1.14216,
    1.13954,
    1.13985,
    1.14659,
    1.14127,
    1.13966,
    1.14666,
    1.14777,
    1.15538,
    1.15152,
    1.16303,
    1.16623,
    1.16417,
    1.16464,
    1.17262,
    1.16757,
    1.17494,
    1.18397,
    1.18021,
    1.18545,
    1.18706,
    1.17719,
    1.17949,
    1.17527,
    1.17578,
    1.17725,
    1.18189,
    1.17811,
    1.17341,
    1.17667,
    1.17228,
    1.17578,
    1.18151,
    1.17611,
    1.18086,
    1.17993,
    1.19209,
    1.19775,
    1.19786,
    1.18819,
    1.19039,
    1.18627,
    1.18934,
    1.19165,
    1.19187,
    1.20233,
    1.20337,
    1.19524,
    1.19662,
    1.18848,
    1.19187,
    1.19447,
    1.19521,
    1.19935,
    1.18926,
    1.19407,
    1.19465,
    1.18472,
    1.17925,
    1.17444,
    1.17858,
    1.18131,
    1.17326,
    1.17434,
    1.17589,
    1.17106,
    1.17290,
    1.17402,
    1.18077,
    1.18581,
    1.18294,
    1.18195,
    1.17952,
    1.17659,
    1.17872,
    1.18508,
    1.17811,
    1.17487,
    1.17606,
    1.18126,
    1.16503,
    1.16075,
    1.16505,
    1.16457,
    1.16184,
    1.16559,
    1.16066,
    1.16089,
    1.15854,
    1.15943,
    1.16411,
    1.16637,
    1.16667,
    1.17974,
    1.17903,
    1.17695,
    1.17884,
    1.17330,
    1.17378,
    1.18218,
    1.18486,
    1.19287,
    1.18978,
    1.18372,
    1.18468,
    1.19035,
    1.18919,
    1.18656,
    1.18261,
    1.17948,
    1.17719,
    1.17731,
    1.17685,
    1.17410,
    1.18257,
    1.17773,
    1.17505,
    1.17812,
    1.18385,
    1.18702,
    1.18724,
    1.18630,
    1.18579,
    1.18865,
    1.19422,
    1.20045,
    1.20579,
    1.20142,
    1.20678,
    1.20298,
    1.19669,
    1.19364,
    1.19474,
    1.20314,
    1.22000,
    1.22626,
    1.22595,
    1.21843,
    1.22369,
    1.22224,
    1.22615,
    1.22983,
    1.24070,
    1.23926,
    1.24264,
    1.23813,
    1.24021,
    1.24132,
    1.25078,
    1.24560,
    1.23665,
    1.23768,
    1.22627,
    1.22467,
    1.22498,
    1.22906,
    1.23501,
    1.24494,
    1.25062,
    1.24105,
    1.24070,
    1.23367,
    1.22822,
    1.23292,
    1.22935,
    1.23167,
    1.22325,
    1.21929,
    1.22651,
    1.23184,
    1.23353,
    1.24033,
    1.24107,
    1.23103,
    1.23053,
    1.23346,
    1.23911,
    1.23680,
    1.23044,
    1.22889,
    1.23341,
    1.22435,
    1.23385,
    1.23056,
    1.23514,
    1.24431,
    1.24020,
    1.23073,
    1.23001,
    1.23218,
    1.23016,
    1.22699,
    1.22777,
    1.22401,
    1.22809,
    1.23204,
    1.23557,
    1.23669,
    1.23261,
    1.23290,
    1.23792,
    1.23692,
    1.23734,
    1.23453,
    1.22873,
    1.22083,
    1.22318,
    1.21605,
    1.21031,
    1.21293,
    1.20774,
    1.19921,
    1.19503,
    1.19878,
    1.19609,
    1.19218,
    1.18640,
    1.18501,
    1.19149,
    1.19417,
    1.19262,
    1.18374,
    1.18069,
    1.17931,
    1.17705,
    1.17911,
    1.17780,
    1.16951,
    1.17192,
    1.16492,
    1.16238,
    1.15391,
    1.16622,
    1.16906,
    1.16596,
    1.16978,
    1.17167,
    1.17735,
    1.17979,
    1.17693,
    1.17828,
    1.17454,
    1.17912,
    1.15659,
    1.16070,
    1.16219,
    1.15895,
    1.15747,
    1.16020,
    1.16571,
    1.17026,
    1.16475,
    1.15536,
    1.15677,
    1.16823,
    1.16393,
    1.16581,
    1.16556,
    1.16914,
    1.17428,
    1.17492,
    1.17434,
    1.16715,
    1.16693,
    1.16841,
    1.17100,
    1.16605,
    1.16381,
    1.16411,
    1.17199,
    1.16909,
    1.16835,
    1.17276,
    1.16416,
    1.16553,
    1.17041,
    1.16908,
    1.16595,
    1.15842,
    1.15667,
    1.15521,
    1.15974,
    1.16098,
    1.15268,
    1.14099,
    1.14087,
    1.13427,
    1.13446,
    1.13754,
    1.14373,
    1.14826,
    1.15705,
    1.15956,
    1.15394,
    1.16203,
    1.16778,
    1.16930,
    1.17057,
    1.16680,
    1.15999,
    1.16165,
    1.15814,
    1.16297,
    1.16229,
    1.15522,
    1.15929,
    1.16044,
    1.16250,
    1.16890,
    1.16209,
    1.16828,
    1.16667,
    1.16713,
    1.17764,
    1.17498,
    1.17458,
    1.17655,
    1.17390,
    1.16408,
    1.16020,
    1.15772,
    1.15463,
    1.14772,
    1.15134,
    1.15185,
    1.14903,
    1.14918,
    1.15181,
    1.15929,
    1.15578,
    1.15789,
    1.15742,
    1.14992,
    1.14524,
    1.15138,
    1.14642,
    1.14693,
    1.13908,
    1.13733,
    1.14015,
    1.13717,
    1.13428,
    1.13131,
    1.14015,
    1.13857,
    1.14066,
    1.14258,
    1.14248,
    1.13629,
    1.13335,
    1.12165,
    1.12901,
    1.13085,
    1.13244,
    1.14179,
    1.14512,
    1.13693,
    1.13817,
    1.13997,
    1.13363,
    1.13264,
    1.12865,
    1.13654,
    1.13921,
    1.13151,
    1.13523,
    1.13408,
    1.13433,
    1.13711,
    1.13816,
    1.13549,
    1.13152,
    1.13675,
    1.13619,
    1.13052,
    1.13464,
    1.13596,
    1.13740,
    1.14445,
    1.13682,
    1.14131,
    1.13509,
    1.14276,
    1.14392,
    1.14506,
    1.13417,
    1.13917,
    1.13926,
    1.14729,
    1.14399,
    1.15410,
    1.14991,
    1.14683,
    1.14676,
    1.14121,
    1.13906,
    1.13873,
    1.13604,
    1.13653,
    1.13583,
    1.13806,
    1.13023,
    1.14034,
    1.14268,
    1.14314,
    1.14783,
    1.14452,
    1.14547,
    1.14360,
    1.14048,
    1.13616,
    1.13395,
    1.13199,
    1.12756,
    1.13248,
    1.12597,
    1.12949,
    1.12920,
    1.13096,
    1.13391,
    1.13357,
    1.13340,
    1.13331,
    1.13575,
    1.13881,
    1.13683,
    1.13694,
    1.13633,
    1.13381,
    1.13064,
    1.13045,
    1.11920,
    1.12326,
    1.12481,
    1.12874,
    1.13298,
    1.13039,
    1.13238,
    1.13347,
    1.13487,
    1.14232,
    1.13725,
    1.12993,
    1.13125,
    1.12697,
    1.12506,
    1.12257,
    1.12163,
    1.12114,
    1.12030,
    1.12313,
    1.12188,
    1.12128,
    1.12606,
    1.12606,
    1.12727,
    1.12514,
    1.12972,
    1.13025,
    1.12792,
    1.12944,
    1.12280,
    1.12430,
    1.12559,
    1.12257,
    1.11521,
    1.11296,
    1.11438,
    1.11845,
    1.12137,
    1.11946,
    1.11706,
    1.12007,
    1.11976,
    1.11898,
    1.11898,
    1.12133,
    1.12317,
    1.12207,
    1.12029,
    1.12003,
    1.11744,
    1.11562,
    1.11648,
    1.11599,
    1.11493,
    1.11802,
    1.12034,
    1.11918,
    1.11596,
    1.11299,
    1.11283,
    1.11665,
    1.12397,
    1.12509,
    1.12198,
    1.12748,
    1.13316,
    1.13139,
    1.13252,
    1.12858,
    1.12752,
    1.12072,
    1.12174,
    1.11917,
    1.12250,
    1.12916,
    1.13668,
    1.13966,
    1.13646,
    1.13673,
    1.13682,
    1.13709,
    1.12846,
    1.12836,
    1.12766,
    1.12830,
    1.12225,
    1.12134,
    1.12071,
    1.12495,
    1.12526,
    1.12685,
    1.12571,
    1.12093,
    1.12224,
    1.12755,
    1.12191,
    1.12083,
    1.11503,
    1.11392,
    1.11462,
    1.11259,
    1.11439,
    1.11547,
    1.10742,
    1.10843,
    1.11074,
    1.12024,
    1.11991,
    1.11979,
    1.11792,
    1.11970,
    1.12121,
    1.11702,
    1.11370,
    1.11054,
    1.10879,
    1.10768,
    1.10998,
    1.10834,
    1.10783,
    1.11433,
    1.11010,
    1.10890,
    1.10761,
    1.10558,
    1.09884,
    1.09672,
    1.09726,
    1.10342,
    1.10335,
    1.10269,
    1.10454,
    1.10417,
    1.10093,
    1.10631,
    1.10721,
    1.09990,
    1.10706,
    1.10290,
    1.10400,
    1.10162,
    1.09925,
    1.10183,
    1.09413,
    1.09198,
    1.09374,
    1.08993,
    1.09307,
    1.09582,
    1.09623,
    1.09756,
    1.09692,
    1.09559,
    1.09703,
    1.10045,
    1.10348,
    1.10264,
    1.10314,
    1.10701,
    1.11228,
    1.11688,
    1.11484,
    1.11238,
    1.11288,
    1.11029,
    1.10783,
    1.10989,
    1.11116,
    1.11519,
    1.11514,
    1.11634,
    1.11266,
    1.10743,
    1.10650,
    1.10490,
    1.10177,
    1.10318,
    1.10085,
    1.10049,
    1.10217,
    1.10502,
    1.10709,
    1.10772,
    1.10719,
    1.10577,
    1.10191,
    1.10125,
    1.10201,
    1.09985,
    1.10067,
    1.10163,
    1.10778,
    1.10808,
    1.10768,
    1.11033,
    1.10560,
    1.10630,
    1.10917,
    1.11286,
    1.11280,
    1.11168,
    1.11430,
    1.11489,
    1.11125,
    1.11208,
    1.10780,
    1.10880,
    1.10872,
    1.10960,
    1.11719,
    1.11977,
    1.12283,
    1.11713,
    1.11585,
    1.11957,
    1.11515,
    1.11046,
    1.11044,
    1.11178,
    1.11332,
    1.11266,
    1.11487,
    1.11351,
    1.10895,
    1.10940,
    1.10813,
    1.10921,
    1.10512,
    1.10238,
    1.10181,
    1.10213,
    1.10094,
    1.10308,
    1.10897,
    1.10582,
    1.10441,
    1.09982,
    1.09816,
    1.09431,
    1.09102,
    1.09145,
    1.08727,
    1.08391,
    1.08295,
    1.08342,
    1.07905,
    1.08039,
    1.07842,
    1.08461,
    1.08519,
    1.08803,
    1.08810,
    1.09991,
    1.10256,
    1.11327,
    1.11710,
    1.11336,
    1.12370,
    1.12828,
    1.14508,
    1.12910,
    1.12601,
    1.11674,
    1.10995,
    1.11764,
    1.10047,
    1.09113,
    1.06603,
    1.06940,
    1.07266,
    1.07831,
    1.08792,
    1.10298,
    1.11393,
    1.10422,
    1.10283,
    1.09598,
    1.08554,
    1.08016,
    1.07916,
    1.08906,
    1.08552,
    1.09281,
    1.09320,
    1.09087,
    1.09770,
    1.09083,
    1.08381,
    1.08649,
    1.08589,
    1.08557,
    1.08221,
    1.07753,
    1.08182,
    1.08279,
    1.08179,
    1.08689,
    1.09506,
    1.09775,
    1.09062,
    1.08372,
    1.07928,
    1.08314,
    1.08357,
    1.08057,
    1.08460,
    1.08170,
    1.08033,
    1.08169,
    1.09113,
    1.09212,
    1.09763,
    1.09468,
    1.08985,
    1.08941,
    1.09812,
    1.10018,
    1.10761,
    1.10948,
    1.11347,
    1.11685,
    1.12323,
    1.13359,
    1.12875,
    1.12932,
    1.13389,
    1.13723,
    1.12981,
    1.12519,
    1.13223,
    1.12625,
    1.12426,
    1.12045,
    1.11729,
    1.12593,
    1.13070,
    1.12496,
    1.12163,
    1.12141,
    1.12404,
    1.12333,
    1.12499,
    1.12384,
    1.12449,
    1.13085,
    1.12722,
    1.13289,
    1.12841,
    1.12967,
    1.13430,
    1.13989,
    1.14110,
    1.13829,
    1.14244,
    1.14467,
    1.15261,
    1.15399
]