0.7552880529927665
0.7539841721142401
0.7526249307193613
0.7520813972144114
0.754134438625141
0.7504534216074603
0.7507039515840273
0.7567452001159674
0.7547259069261434
0.7578799906548958
0.7568846424001916
0.75494514033729
0.758789809121587
0.7598217608653128
0.753654475330763
0.7560487778464035
0.7549948695796748
0.7502736174295487
0.7562389103391497
0.7525973587321739
0.7534116343761416
0.755019539818465
0.7587427167025002
0.7539135188021862
0.7539143729417476
0.7558380107462043
0.7581536058619467
0.7586422605061842
0.7554599042268678
0.7537731774871484
0.75949546885854
0.7535888360041444
0.7522980911599635
0.752553159670694
0.7543750288383958
0.7591437674916154
0.7525925817289277
0.7556878576294134
0.758806136073455
0.7549677783415715
